0000 ff ff ff ff ff ff cc 00 0a c4 00 00 08 00 45 00 
0010 02 5c 00 05 00 00 ff 11 b9 8c 00 00 00 00 ff ff 
0020 ff ff 00 44 00 43 02 48 04 43 01 01 06 00 00 00 
0030 15 5c 00 00 80 00 00 00 00 00 00 00 00 00 00 00 
0040 00 00 00 00 00 00 cc 00 0a c4 00 00 00 00 00 00 
0050 00 00 00 00 00 00 00 00 00 00 00 00 00 00 00 00 
0060 00 00 00 00 00 00 00 00 00 00 00 00 00 00 00 00 
0070 00 00 00 00 00 00 00 00 00 00 00 00 00 00 00 00 
0080 00 00 00 00 00 00 00 00 00 00 00 00 00 00 00 00 
0090 00 00 00 00 00 00 00 00 00 00 00 00 00 00 00 00 
00a0 00 00 00 00 00 00 00 00 00 00 00 00 00 00 00 00 
00b0 00 00 00 00 00 00 00 00 00 00 00 00 00 00 00 00 
00c0 00 00 00 00 00 00 00 00 00 00 00 00 00 00 00 00 
00d0 00 00 00 00 00 00 00 00 00 00 00 00 00 00 00 00 
00e0 00 00 00 00 00 00 00 00 00 00 00 00 00 00 00 00 
00f0 00 00 00 00 00 00 00 00 00 00 00 00 00 00 00 00 
0100 00 00 00 00 00 00 00 00 00 00 00 00 00 00 00 00 
0110 00 00 00 00 00 00 63 82 53 63 35 01 01 39 02 04 
0120 80 3d 1b 00 63 69 73 63 6f 2d 63 63 30 30 2e 30 
0130 61 63 34 2e 30 30 30 30 2d 46 61 30 2f 30 0c 02 
0140 52 30 37 08 01 06 0f 2c 03 21 96 2b ff 00 00 00 
0150 00 00 00 00 00 00 00 00 00 00 00 00 00 00 00 00 
0160 00 00 00 00 00 00 00 00 00 00 00 00 00 00 00 00 
0170 00 00 00 00 00 00 00 00 00 00 00 00 00 00 00 00 
0180 00 00 00 00 00 00 00 00 00 00 00 00 00 00 00 00 
0190 00 00 00 00 00 00 00 00 00 00 00 00 00 00 00 00 
01a0 00 00 00 00 00 00 00 00 00 00 00 00 00 00 00 00 
01b0 00 00 00 00 00 00 00 00 00 00 00 00 00 00 00 00 
01c0 00 00 00 00 00 00 00 00 00 00 00 00 00 00 00 00 
01d0 00 00 00 00 00 00 00 00 00 00 00 00 00 00 00 00 
01e0 00 00 00 00 00 00 00 00 00 00 00 00 00 00 00 00 
01f0 00 00 00 00 00 00 00 00 00 00 00 00 00 00 00 00 
0200 00 00 00 00 00 00 00 00 00 00 00 00 00 00 00 00 
0210 00 00 00 00 00 00 00 00 00 00 00 00 00 00 00 00 
0220 00 00 00 00 00 00 00 00 00 00 00 00 00 00 00 00 
0230 00 00 00 00 00 00 00 00 00 00 00 00 00 00 00 00 
0240 00 00 00 00 00 00 00 00 00 00 00 00 00 00 00 00 
0250 00 00 00 00 00 00 00 00 00 00 00 00 00 00 00 00 
0260 00 00 00 00 00 00 00 00 00 00 

0000 ff ff ff ff ff ff cc 01 0a c4 00 00 08 00 45 00 
0010 01 48 00 02 00 00 ff 11 f9 f9 c0 a8 00 01 ff ff 
0020 ff ff 00 43 00 44 01 34 c1 b6 02 01 06 00 00 00 
0030 15 5c 00 00 80 00 00 00 00 00 c0 a8 00 03 00 00 
0040 00 00 00 00 00 00 cc 00 0a c4 00 00 00 00 00 00 
0050 00 00 00 00 00 00 00 00 00 00 00 00 00 00 00 00 
0060 00 00 00 00 00 00 00 00 00 00 00 00 00 00 00 00 
0070 00 00 00 00 00 00 00 00 00 00 00 00 00 00 00 00 
0080 00 00 00 00 00 00 00 00 00 00 00 00 00 00 00 00 
0090 00 00 00 00 00 00 00 00 00 00 00 00 00 00 00 00 
00a0 00 00 00 00 00 00 00 00 00 00 00 00 00 00 00 00 
00b0 00 00 00 00 00 00 00 00 00 00 00 00 00 00 00 00 
00c0 00 00 00 00 00 00 00 00 00 00 00 00 00 00 00 00 
00d0 00 00 00 00 00 00 00 00 00 00 00 00 00 00 00 00 
00e0 00 00 00 00 00 00 00 00 00 00 00 00 00 00 00 00 
00f0 00 00 00 00 00 00 00 00 00 00 00 00 00 00 00 00 
0100 00 00 00 00 00 00 00 00 00 00 00 00 00 00 00 00 
0110 00 00 00 00 00 00 63 82 53 63 35 01 02 36 04 c0 
0120 a8 00 01 33 04 00 00 00 3c 3a 04 00 00 00 1e 3b 
0130 04 00 00 00 34 01 04 ff ff ff 00 03 04 c0 a8 00 
0140 01 06 08 c0 a8 00 01 c0 a8 01 01 ff 00 00 00 00 
0150 00 00 00 00 00 00 

0000 ff ff ff ff ff ff cc 00 0a c4 00 00 08 00 45 00 
0010 02 5c 00 06 00 00 ff 11 b9 8b 00 00 00 00 ff ff 
0020 ff ff 00 44 00 43 02 48 e5 a4 01 01 06 00 00 00 
0030 15 5c 00 00 80 00 00 00 00 00 00 00 00 00 00 00 
0040 00 00 00 00 00 00 cc 00 0a c4 00 00 00 00 00 00 
0050 00 00 00 00 00 00 00 00 00 00 00 00 00 00 00 00 
0060 00 00 00 00 00 00 00 00 00 00 00 00 00 00 00 00 
0070 00 00 00 00 00 00 00 00 00 00 00 00 00 00 00 00 
0080 00 00 00 00 00 00 00 00 00 00 00 00 00 00 00 00 
0090 00 00 00 00 00 00 00 00 00 00 00 00 00 00 00 00 
00a0 00 00 00 00 00 00 00 00 00 00 00 00 00 00 00 00 
00b0 00 00 00 00 00 00 00 00 00 00 00 00 00 00 00 00 
00c0 00 00 00 00 00 00 00 00 00 00 00 00 00 00 00 00 
00d0 00 00 00 00 00 00 00 00 00 00 00 00 00 00 00 00 
00e0 00 00 00 00 00 00 00 00 00 00 00 00 00 00 00 00 
00f0 00 00 00 00 00 00 00 00 00 00 00 00 00 00 00 00 
0100 00 00 00 00 00 00 00 00 00 00 00 00 00 00 00 00 
0110 00 00 00 00 00 00 63 82 53 63 35 01 03 39 02 04 
0120 80 3d 1b 00 63 69 73 63 6f 2d 63 63 30 30 2e 30 
0130 61 63 34 2e 30 30 30 30 2d 46 61 30 2f 30 36 04 
0140 c0 a8 00 01 32 04 c0 a8 00 03 33 04 00 00 00 3c 
0150 0c 02 52 30 37 08 01 06 0f 2c 03 21 96 2b ff 00 
0160 00 00 00 00 00 00 00 00 00 00 00 00 00 00 00 00 
0170 00 00 00 00 00 00 00 00 00 00 00 00 00 00 00 00 
0180 00 00 00 00 00 00 00 00 00 00 00 00 00 00 00 00 
0190 00 00 00 00 00 00 00 00 00 00 00 00 00 00 00 00 
01a0 00 00 00 00 00 00 00 00 00 00 00 00 00 00 00 00 
01b0 00 00 00 00 00 00 00 00 00 00 00 00 00 00 00 00 
01c0 00 00 00 00 00 00 00 00 00 00 00 00 00 00 00 00 
01d0 00 00 00 00 00 00 00 00 00 00 00 00 00 00 00 00 
01e0 00 00 00 00 00 00 00 00 00 00 00 00 00 00 00 00 
01f0 00 00 00 00 00 00 00 00 00 00 00 00 00 00 00 00 
0200 00 00 00 00 00 00 00 00 00 00 00 00 00 00 00 00 
0210 00 00 00 00 00 00 00 00 00 00 00 00 00 00 00 00 
0220 00 00 00 00 00 00 00 00 00 00 00 00 00 00 00 00 
0230 00 00 00 00 00 00 00 00 00 00 00 00 00 00 00 00 
0240 00 00 00 00 00 00 00 00 00 00 00 00 00 00 00 00 
0250 00 00 00 00 00 00 00 00 00 00 00 00 00 00 00 00 
0260 00 00 00 00 00 00 00 00 00 00 

0000 ff ff ff ff ff ff cc 01 0a c4 00 00 08 00 45 00 
0010 01 48 00 03 00 00 ff 11 f9 f8 c0 a8 00 01 ff ff 
0020 ff ff 00 43 00 44 01 34 8c 58 02 01 06 00 00 00 
0030 15 5c 00 00 80 00 00 00 00 00 c0 a8 00 03 00 00 
0040 00 00 00 00 00 00 cc 00 0a c4 00 00 00 00 00 00 
0050 00 00 00 00 00 00 00 00 00 00 00 00 00 00 00 00 
0060 00 00 00 00 00 00 00 00 00 00 00 00 00 00 00 00 
0070 00 00 00 00 00 00 00 00 00 00 00 00 00 00 00 00 
0080 00 00 00 00 00 00 00 00 00 00 00 00 00 00 00 00 
0090 00 00 00 00 00 00 00 00 00 00 00 00 00 00 00 00 
00a0 00 00 00 00 00 00 00 00 00 00 00 00 00 00 00 00 
00b0 00 00 00 00 00 00 00 00 00 00 00 00 00 00 00 00 
00c0 00 00 00 00 00 00 00 00 00 00 00 00 00 00 00 00 
00d0 00 00 00 00 00 00 00 00 00 00 00 00 00 00 00 00 
00e0 00 00 00 00 00 00 00 00 00 00 00 00 00 00 00 00 
00f0 00 00 00 00 00 00 00 00 00 00 00 00 00 00 00 00 
0100 00 00 00 00 00 00 00 00 00 00 00 00 00 00 00 00 
0110 00 00 00 00 00 00 63 82 53 63 35 01 05 36 04 c0 
0120 a8 00 01 33 04 00 00 00 3c 3a 04 00 00 00 1e 3b 
0130 04 00 00 00 34 0c 02 52 30 01 04 ff ff ff 00 03 
0140 04 c0 a8 00 01 06 08 c0 a8 00 01 c0 a8 01 01 ff 
0150 00 00 00 00 00 00 

0000 ff ff ff ff ff ff cc 00 0a c4 00 00 08 00 45 00 
0010 02 5c 00 08 00 00 ff 11 f8 dd c0 a8 00 03 ff ff 
0020 ff ff 00 44 00 43 02 48 cd ab 01 01 06 00 00 00 
0030 15 5c 00 00 00 00 c0 a8 00 03 00 00 00 00 00 00 
0040 00 00 00 00 00 00 cc 00 0a c4 00 00 00 00 00 00 
0050 00 00 00 00 00 00 00 00 00 00 00 00 00 00 00 00 
0060 00 00 00 00 00 00 00 00 00 00 00 00 00 00 00 00 
0070 00 00 00 00 00 00 00 00 00 00 00 00 00 00 00 00 
0080 00 00 00 00 00 00 00 00 00 00 00 00 00 00 00 00 
0090 00 00 00 00 00 00 00 00 00 00 00 00 00 00 00 00 
00a0 00 00 00 00 00 00 00 00 00 00 00 00 00 00 00 00 
00b0 00 00 00 00 00 00 00 00 00 00 00 00 00 00 00 00 
00c0 00 00 00 00 00 00 00 00 00 00 00 00 00 00 00 00 
00d0 00 00 00 00 00 00 00 00 00 00 00 00 00 00 00 00 
00e0 00 00 00 00 00 00 00 00 00 00 00 00 00 00 00 00 
00f0 00 00 00 00 00 00 00 00 00 00 00 00 00 00 00 00 
0100 00 00 00 00 00 00 00 00 00 00 00 00 00 00 00 00 
0110 00 00 00 00 00 00 63 82 53 63 35 01 03 39 02 04 
0120 80 3d 1b 00 63 69 73 63 6f 2d 63 63 30 30 2e 30 
0130 61 63 34 2e 30 30 30 30 2d 46 61 30 2f 30 33 04 
0140 00 00 00 3c 0c 02 52 30 37 08 01 06 0f 2c 03 21 
0150 96 2b ff 00 00 00 00 00 00 00 00 00 00 00 00 00 
0160 00 00 00 00 00 00 00 00 00 00 00 00 00 00 00 00 
0170 00 00 00 00 00 00 00 00 00 00 00 00 00 00 00 00 
0180 00 00 00 00 00 00 00 00 00 00 00 00 00 00 00 00 
0190 00 00 00 00 00 00 00 00 00 00 00 00 00 00 00 00 
01a0 00 00 00 00 00 00 00 00 00 00 00 00 00 00 00 00 
01b0 00 00 00 00 00 00 00 00 00 00 00 00 00 00 00 00 
01c0 00 00 00 00 00 00 00 00 00 00 00 00 00 00 00 00 
01d0 00 00 00 00 00 00 00 00 00 00 00 00 00 00 00 00 
01e0 00 00 00 00 00 00 00 00 00 00 00 00 00 00 00 00 
01f0 00 00 00 00 00 00 00 00 00 00 00 00 00 00 00 00 
0200 00 00 00 00 00 00 00 00 00 00 00 00 00 00 00 00 
0210 00 00 00 00 00 00 00 00 00 00 00 00 00 00 00 00 
0220 00 00 00 00 00 00 00 00 00 00 00 00 00 00 00 00 
0230 00 00 00 00 00 00 00 00 00 00 00 00 00 00 00 00 
0240 00 00 00 00 00 00 00 00 00 00 00 00 00 00 00 00 
0250 00 00 00 00 00 00 00 00 00 00 00 00 00 00 00 00 
0260 00 00 00 00 00 00 00 00 00 00 

0000 cc 00 0a c4 00 00 cc 01 0a c4 00 00 08 00 45 00 
0010 01 48 00 04 00 00 ff 11 39 4c c0 a8 00 01 c0 a8 
0020 00 03 00 43 00 44 01 34 8b 01 02 01 06 00 00 00 
0030 15 5c 00 00 00 00 c0 a8 00 03 c0 a8 00 03 00 00 
0040 00 00 00 00 00 00 cc 00 0a c4 00 00 00 00 00 00 
0050 00 00 00 00 00 00 00 00 00 00 00 00 00 00 00 00 
0060 00 00 00 00 00 00 00 00 00 00 00 00 00 00 00 00 
0070 00 00 00 00 00 00 00 00 00 00 00 00 00 00 00 00 
0080 00 00 00 00 00 00 00 00 00 00 00 00 00 00 00 00 
0090 00 00 00 00 00 00 00 00 00 00 00 00 00 00 00 00 
00a0 00 00 00 00 00 00 00 00 00 00 00 00 00 00 00 00 
00b0 00 00 00 00 00 00 00 00 00 00 00 00 00 00 00 00 
00c0 00 00 00 00 00 00 00 00 00 00 00 00 00 00 00 00 
00d0 00 00 00 00 00 00 00 00 00 00 00 00 00 00 00 00 
00e0 00 00 00 00 00 00 00 00 00 00 00 00 00 00 00 00 
00f0 00 00 00 00 00 00 00 00 00 00 00 00 00 00 00 00 
0100 00 00 00 00 00 00 00 00 00 00 00 00 00 00 00 00 
0110 00 00 00 00 00 00 63 82 53 63 35 01 05 36 04 c0 
0120 a8 00 01 33 04 00 00 00 3c 3a 04 00 00 00 1e 3b 
0130 04 00 00 00 34 0c 02 52 30 01 04 ff ff ff 00 03 
0140 04 c0 a8 00 01 06 08 c0 a8 00 01 c0 a8 01 01 ff 
0150 00 00 00 00 00 00 

0000 cc 01 0a c4 00 00 cc 00 0a c4 00 00 08 00 45 00 
0010 02 5c 00 09 00 00 ff 11 38 33 c0 a8 00 03 c0 a8 
0020 00 01 00 44 00 43 02 48 0d 02 01 01 06 00 00 00 
0030 15 5c 00 00 00 00 c0 a8 00 03 00 00 00 00 00 00 
0040 00 00 00 00 00 00 cc 00 0a c4 00 00 00 00 00 00 
0050 00 00 00 00 00 00 00 00 00 00 00 00 00 00 00 00 
0060 00 00 00 00 00 00 00 00 00 00 00 00 00 00 00 00 
0070 00 00 00 00 00 00 00 00 00 00 00 00 00 00 00 00 
0080 00 00 00 00 00 00 00 00 00 00 00 00 00 00 00 00 
0090 00 00 00 00 00 00 00 00 00 00 00 00 00 00 00 00 
00a0 00 00 00 00 00 00 00 00 00 00 00 00 00 00 00 00 
00b0 00 00 00 00 00 00 00 00 00 00 00 00 00 00 00 00 
00c0 00 00 00 00 00 00 00 00 00 00 00 00 00 00 00 00 
00d0 00 00 00 00 00 00 00 00 00 00 00 00 00 00 00 00 
00e0 00 00 00 00 00 00 00 00 00 00 00 00 00 00 00 00 
00f0 00 00 00 00 00 00 00 00 00 00 00 00 00 00 00 00 
0100 00 00 00 00 00 00 00 00 00 00 00 00 00 00 00 00 
0110 00 00 00 00 00 00 63 82 53 63 35 01 03 39 02 04 
0120 80 3d 1b 00 63 69 73 63 6f 2d 63 63 30 30 2e 30 
0130 61 63 34 2e 30 30 30 30 2d 46 61 30 2f 30 33 04 
0140 00 00 00 3c 0c 02 52 30 37 08 01 06 0f 2c 03 21 
0150 96 2b ff 00 00 00 00 00 00 00 00 00 00 00 00 00 
0160 00 00 00 00 00 00 00 00 00 00 00 00 00 00 00 00 
0170 00 00 00 00 00 00 00 00 00 00 00 00 00 00 00 00 
0180 00 00 00 00 00 00 00 00 00 00 00 00 00 00 00 00 
0190 00 00 00 00 00 00 00 00 00 00 00 00 00 00 00 00 
01a0 00 00 00 00 00 00 00 00 00 00 00 00 00 00 00 00 
01b0 00 00 00 00 00 00 00 00 00 00 00 00 00 00 00 00 
01c0 00 00 00 00 00 00 00 00 00 00 00 00 00 00 00 00 
01d0 00 00 00 00 00 00 00 00 00 00 00 00 00 00 00 00 
01e0 00 00 00 00 00 00 00 00 00 00 00 00 00 00 00 00 
01f0 00 00 00 00 00 00 00 00 00 00 00 00 00 00 00 00 
0200 00 00 00 00 00 00 00 00 00 00 00 00 00 00 00 00 
0210 00 00 00 00 00 00 00 00 00 00 00 00 00 00 00 00 
0220 00 00 00 00 00 00 00 00 00 00 00 00 00 00 00 00 
0230 00 00 00 00 00 00 00 00 00 00 00 00 00 00 00 00 
0240 00 00 00 00 00 00 00 00 00 00 00 00 00 00 00 00 
0250 00 00 00 00 00 00 00 00 00 00 00 00 00 00 00 00 
0260 00 00 00 00 00 00 00 00 00 00 

0000 cc 00 0a c4 00 00 cc 01 0a c4 00 00 08 00 45 00 
0010 01 48 00 05 00 00 ff 11 39 4b c0 a8 00 01 c0 a8 
0020 00 03 00 43 00 44 01 34 8b 01 02 01 06 00 00 00 
0030 15 5c 00 00 00 00 c0 a8 00 03 c0 a8 00 03 00 00 
0040 00 00 00 00 00 00 cc 00 0a c4 00 00 00 00 00 00 
0050 00 00 00 00 00 00 00 00 00 00 00 00 00 00 00 00 
0060 00 00 00 00 00 00 00 00 00 00 00 00 00 00 00 00 
0070 00 00 00 00 00 00 00 00 00 00 00 00 00 00 00 00 
0080 00 00 00 00 00 00 00 00 00 00 00 00 00 00 00 00 
0090 00 00 00 00 00 00 00 00 00 00 00 00 00 00 00 00 
00a0 00 00 00 00 00 00 00 00 00 00 00 00 00 00 00 00 
00b0 00 00 00 00 00 00 00 00 00 00 00 00 00 00 00 00 
00c0 00 00 00 00 00 00 00 00 00 00 00 00 00 00 00 00 
00d0 00 00 00 00 00 00 00 00 00 00 00 00 00 00 00 00 
00e0 00 00 00 00 00 00 00 00 00 00 00 00 00 00 00 00 
00f0 00 00 00 00 00 00 00 00 00 00 00 00 00 00 00 00 
0100 00 00 00 00 00 00 00 00 00 00 00 00 00 00 00 00 
0110 00 00 00 00 00 00 63 82 53 63 35 01 05 36 04 c0 
0120 a8 00 01 33 04 00 00 00 3c 3a 04 00 00 00 1e 3b 
0130 04 00 00 00 34 0c 02 52 30 01 04 ff ff ff 00 03 
0140 04 c0 a8 00 01 06 08 c0 a8 00 01 c0 a8 01 01 ff 
0150 00 00 00 00 00 00 

0000 cc 01 0a c4 00 00 cc 00 0a c4 00 00 08 00 45 00 
0010 02 5c 00 0a 00 00 ff 11 38 32 c0 a8 00 03 c0 a8 
0020 00 01 00 44 00 43 02 48 0d 02 01 01 06 00 00 00 
0030 15 5c 00 00 00 00 c0 a8 00 03 00 00 00 00 00 00 
0040 00 00 00 00 00 00 cc 00 0a c4 00 00 00 00 00 00 
0050 00 00 00 00 00 00 00 00 00 00 00 00 00 00 00 00 
0060 00 00 00 00 00 00 00 00 00 00 00 00 00 00 00 00 
0070 00 00 00 00 00 00 00 00 00 00 00 00 00 00 00 00 
0080 00 00 00 00 00 00 00 00 00 00 00 00 00 00 00 00 
0090 00 00 00 00 00 00 00 00 00 00 00 00 00 00 00 00 
00a0 00 00 00 00 00 00 00 00 00 00 00 00 00 00 00 00 
00b0 00 00 00 00 00 00 00 00 00 00 00 00 00 00 00 00 
00c0 00 00 00 00 00 00 00 00 00 00 00 00 00 00 00 00 
00d0 00 00 00 00 00 00 00 00 00 00 00 00 00 00 00 00 
00e0 00 00 00 00 00 00 00 00 00 00 00 00 00 00 00 00 
00f0 00 00 00 00 00 00 00 00 00 00 00 00 00 00 00 00 
0100 00 00 00 00 00 00 00 00 00 00 00 00 00 00 00 00 
0110 00 00 00 00 00 00 63 82 53 63 35 01 03 39 02 04 
0120 80 3d 1b 00 63 69 73 63 6f 2d 63 63 30 30 2e 30 
0130 61 63 34 2e 30 30 30 30 2d 46 61 30 2f 30 33 04 
0140 00 00 00 3c 0c 02 52 30 37 08 01 06 0f 2c 03 21 
0150 96 2b ff 00 00 00 00 00 00 00 00 00 00 00 00 00 
0160 00 00 00 00 00 00 00 00 00 00 00 00 00 00 00 00 
0170 00 00 00 00 00 00 00 00 00 00 00 00 00 00 00 00 
0180 00 00 00 00 00 00 00 00 00 00 00 00 00 00 00 00 
0190 00 00 00 00 00 00 00 00 00 00 00 00 00 00 00 00 
01a0 00 00 00 00 00 00 00 00 00 00 00 00 00 00 00 00 
01b0 00 00 00 00 00 00 00 00 00 00 00 00 00 00 00 00 
01c0 00 00 00 00 00 00 00 00 00 00 00 00 00 00 00 00 
01d0 00 00 00 00 00 00 00 00 00 00 00 00 00 00 00 00 
01e0 00 00 00 00 00 00 00 00 00 00 00 00 00 00 00 00 
01f0 00 00 00 00 00 00 00 00 00 00 00 00 00 00 00 00 
0200 00 00 00 00 00 00 00 00 00 00 00 00 00 00 00 00 
0210 00 00 00 00 00 00 00 00 00 00 00 00 00 00 00 00 
0220 00 00 00 00 00 00 00 00 00 00 00 00 00 00 00 00 
0230 00 00 00 00 00 00 00 00 00 00 00 00 00 00 00 00 
0240 00 00 00 00 00 00 00 00 00 00 00 00 00 00 00 00 
0250 00 00 00 00 00 00 00 00 00 00 00 00 00 00 00 00 
0260 00 00 00 00 00 00 00 00 00 00 

0000 cc 00 0a c4 00 00 cc 01 0a c4 00 00 08 00 45 00 
0010 01 48 00 06 00 00 ff 11 39 4a c0 a8 00 01 c0 a8 
0020 00 03 00 43 00 44 01 34 8b 01 02 01 06 00 00 00 
0030 15 5c 00 00 00 00 c0 a8 00 03 c0 a8 00 03 00 00 
0040 00 00 00 00 00 00 cc 00 0a c4 00 00 00 00 00 00 
0050 00 00 00 00 00 00 00 00 00 00 00 00 00 00 00 00 
0060 00 00 00 00 00 00 00 00 00 00 00 00 00 00 00 00 
0070 00 00 00 00 00 00 00 00 00 00 00 00 00 00 00 00 
0080 00 00 00 00 00 00 00 00 00 00 00 00 00 00 00 00 
0090 00 00 00 00 00 00 00 00 00 00 00 00 00 00 00 00 
00a0 00 00 00 00 00 00 00 00 00 00 00 00 00 00 00 00 
00b0 00 00 00 00 00 00 00 00 00 00 00 00 00 00 00 00 
00c0 00 00 00 00 00 00 00 00 00 00 00 00 00 00 00 00 
00d0 00 00 00 00 00 00 00 00 00 00 00 00 00 00 00 00 
00e0 00 00 00 00 00 00 00 00 00 00 00 00 00 00 00 00 
00f0 00 00 00 00 00 00 00 00 00 00 00 00 00 00 00 00 
0100 00 00 00 00 00 00 00 00 00 00 00 00 00 00 00 00 
0110 00 00 00 00 00 00 63 82 53 63 35 01 05 36 04 c0 
0120 a8 00 01 33 04 00 00 00 3c 3a 04 00 00 00 1e 3b 
0130 04 00 00 00 34 0c 02 52 30 01 04 ff ff ff 00 03 
0140 04 c0 a8 00 01 06 08 c0 a8 00 01 c0 a8 01 01 ff 
0150 00 00 00 00 00 00 

0000 cc 01 0a c4 00 00 cc 00 0a c4 00 00 08 00 45 00 
0010 02 5c 00 0b 00 00 ff 11 38 31 c0 a8 00 03 c0 a8 
0020 00 01 00 44 00 43 02 48 0d 02 01 01 06 00 00 00 
0030 15 5c 00 00 00 00 c0 a8 00 03 00 00 00 00 00 00 
0040 00 00 00 00 00 00 cc 00 0a c4 00 00 00 00 00 00 
0050 00 00 00 00 00 00 00 00 00 00 00 00 00 00 00 00 
0060 00 00 00 00 00 00 00 00 00 00 00 00 00 00 00 00 
0070 00 00 00 00 00 00 00 00 00 00 00 00 00 00 00 00 
0080 00 00 00 00 00 00 00 00 00 00 00 00 00 00 00 00 
0090 00 00 00 00 00 00 00 00 00 00 00 00 00 00 00 00 
00a0 00 00 00 00 00 00 00 00 00 00 00 00 00 00 00 00 
00b0 00 00 00 00 00 00 00 00 00 00 00 00 00 00 00 00 
00c0 00 00 00 00 00 00 00 00 00 00 00 00 00 00 00 00 
00d0 00 00 00 00 00 00 00 00 00 00 00 00 00 00 00 00 
00e0 00 00 00 00 00 00 00 00 00 00 00 00 00 00 00 00 
00f0 00 00 00 00 00 00 00 00 00 00 00 00 00 00 00 00 
0100 00 00 00 00 00 00 00 00 00 00 00 00 00 00 00 00 
0110 00 00 00 00 00 00 63 82 53 63 35 01 03 39 02 04 
0120 80 3d 1b 00 63 69 73 63 6f 2d 63 63 30 30 2e 30 
0130 61 63 34 2e 30 30 30 30 2d 46 61 30 2f 30 33 04 
0140 00 00 00 3c 0c 02 52 30 37 08 01 06 0f 2c 03 21 
0150 96 2b ff 00 00 00 00 00 00 00 00 00 00 00 00 00 
0160 00 00 00 00 00 00 00 00 00 00 00 00 00 00 00 00 
0170 00 00 00 00 00 00 00 00 00 00 00 00 00 00 00 00 
0180 00 00 00 00 00 00 00 00 00 00 00 00 00 00 00 00 
0190 00 00 00 00 00 00 00 00 00 00 00 00 00 00 00 00 
01a0 00 00 00 00 00 00 00 00 00 00 00 00 00 00 00 00 
01b0 00 00 00 00 00 00 00 00 00 00 00 00 00 00 00 00 
01c0 00 00 00 00 00 00 00 00 00 00 00 00 00 00 00 00 
01d0 00 00 00 00 00 00 00 00 00 00 00 00 00 00 00 00 
01e0 00 00 00 00 00 00 00 00 00 00 00 00 00 00 00 00 
01f0 00 00 00 00 00 00 00 00 00 00 00 00 00 00 00 00 
0200 00 00 00 00 00 00 00 00 00 00 00 00 00 00 00 00 
0210 00 00 00 00 00 00 00 00 00 00 00 00 00 00 00 00 
0220 00 00 00 00 00 00 00 00 00 00 00 00 00 00 00 00 
0230 00 00 00 00 00 00 00 00 00 00 00 00 00 00 00 00 
0240 00 00 00 00 00 00 00 00 00 00 00 00 00 00 00 00 
0250 00 00 00 00 00 00 00 00 00 00 00 00 00 00 00 00 
0260 00 00 00 00 00 00 00 00 00 00 

0000 cc 00 0a c4 00 00 cc 01 0a c4 00 00 08 00 45 00 
0010 01 48 00 07 00 00 ff 11 39 49 c0 a8 00 01 c0 a8 
0020 00 03 00 43 00 44 01 34 8b 01 02 01 06 00 00 00 
0030 15 5c 00 00 00 00 c0 a8 00 03 c0 a8 00 03 00 00 
0040 00 00 00 00 00 00 cc 00 0a c4 00 00 00 00 00 00 
0050 00 00 00 00 00 00 00 00 00 00 00 00 00 00 00 00 
0060 00 00 00 00 00 00 00 00 00 00 00 00 00 00 00 00 
0070 00 00 00 00 00 00 00 00 00 00 00 00 00 00 00 00 
0080 00 00 00 00 00 00 00 00 00 00 00 00 00 00 00 00 
0090 00 00 00 00 00 00 00 00 00 00 00 00 00 00 00 00 
00a0 00 00 00 00 00 00 00 00 00 00 00 00 00 00 00 00 
00b0 00 00 00 00 00 00 00 00 00 00 00 00 00 00 00 00 
00c0 00 00 00 00 00 00 00 00 00 00 00 00 00 00 00 00 
00d0 00 00 00 00 00 00 00 00 00 00 00 00 00 00 00 00 
00e0 00 00 00 00 00 00 00 00 00 00 00 00 00 00 00 00 
00f0 00 00 00 00 00 00 00 00 00 00 00 00 00 00 00 00 
0100 00 00 00 00 00 00 00 00 00 00 00 00 00 00 00 00 
0110 00 00 00 00 00 00 63 82 53 63 35 01 05 36 04 c0 
0120 a8 00 01 33 04 00 00 00 3c 3a 04 00 00 00 1e 3b 
0130 04 00 00 00 34 0c 02 52 30 01 04 ff ff ff 00 03 
0140 04 c0 a8 00 01 06 08 c0 a8 00 01 c0 a8 01 01 ff 
0150 00 00 00 00 00 00 

